{
  "neutral": 0.9284296631813049,
  "surprise": 0.04490114748477936,
  "sadness": 0.011787223629653454,
  "joy": 0.007269463501870632,
  "anger": 0.004211687482893467,
  "fear": 0.0018049281788989902,
  "disgust": 0.001595833571627736
}